G:\k5sat>python "test_api(py).py"
=== 测试 /lol 接口 ===
设置缓存 | 状态码：200 | 响应：{"cache":"[state.lng, state.lat, state.alt]","code":200,"uuid":"test_cache"}

获取缓存 | 状态码：200 | 响应：{"cache":"[state.lng, state.lat, state.alt]","code":200,"uuid":"test_cache"}

=== /lol 测试完成 ===

=== 测试 /pass 接口 ===
状态码：200
响应数据：{'code': 200, 'departure_times': ['2026-05-10 19:14:17', '2026-05-10 20:51:09', '2026-05-10 22:27:44', '2026-05-11 00:05:40', '2026-05-11 01:44:43', '2026-05-11 03:22:18', '2026-05-11 04:56:20', '2026-05-11 18:26:22', '2026-05-11 20:03:37', '2026-05-11 21:40:07', '2026-05-11 23:17:34', '2026-05-12 00:56:34', '2026-05-12 02:34:43', '2026-05-12 04:09:59'], 'pass_times': ['2026-05-10 19:04:08', '2026-05-10 20:40:41', '2026-05-10 22:19:25', '2026-05-10 23:58:00', '2026-05-11 01:34:54', '2026-05-11 03:11:27', '2026-05-11 04:49:44', '2026-05-11 18:17:10', '2026-05-11 19:52:51', '2026-05-11 21:31:13', '2026-05-11 23:10:06', '2026-05-12 00:47:21', '2026-05-12 02:23:51', '2026-05-12 04:01:19']}

取第一个过境时间：2026-05-10 19:04:08
取第一个离境时间：2026-05-10 19:14:17
=== /pass 测试完成 ===

=== 测试 /doppler 接口 ===
请求参数：
  sat: ISS (ZARYA)
  sat_line_1: 1 25544U 98067A   26128.97347854  .00006654  00000+0  12812-3 0  9993
  sat_line_2: 2 25544  51.6310 134.2107 0007399  38.6382 321.5134 15.49152986565672
  lat: 36.660022
  lng: 114.586981
  alt: 0
  tx: 437.5
  rx: 145.8
  tz: Asia/Shanghai
  pass_time: 2026-05-10 19:04:08
  departure_time: 2026-05-10 19:14:17
状态码：200
响应内容：{"code":200,"shift_array":[[-9495.0,3164.0],[-9491.0,3163.0],[-9487.0,3162.0],[-9484.0,3160.0],[-9480.0,3159.0],[-9476.0,3158.0],[-9472.0,3157.0],[-9468.0,3155.0],[-9464.0,3154.0],[-9460.0,3153.0],[-9456.0,3151.0],[-9452.0,3150.0],[-9448.0,3149.0],[-9444.0,3147.0],[-9440.0,3146.0],[-9436.0,3144.0],[-9431.0,3143.0],[-9427.0,3142.0],[-9422.0,3140.0],[-9418.0,3139.0],[-9414.0,3137.0],[-9409.0,3136.0],[-9404.0,3134.0],[-9400.0,3133.0],[-9395.0,3131.0],[-9390.0,3129.0],[-9385.0,3128.0],[-9380.0,3126.0],[-9376.0,3124.0],[-9371.0,3123.0],[-9366.0,3121.0],[-9360.0,3119.0],[-9355.0,3118.0],[-9350.0,3116.0],[-9345.0,3114.0],[-9339.0,3112.0],[-9334.0,3111.0],[-9329.0,3109.0],[-9323.0,3107.0],[-9317.0,3105.0],[-9312.0,3103.0],[-9306.0,3101.0],[-9300.0,3099.0],[-9294.0,3097.0],[-9289.0,3095.0],[-9283.0,3093.0],[-9277.0,3091.0],[-9270.0,3089.0],[-9264.0,3087.0],[-9258.0,3085.0],[-9252.0,3083.0],[-9245.0,3081.0],[-9239.0,3079.0],[-9232.0,3077.0],[-9226.0,3075.0],[-9219.0,3072.0],[-9212.0,3070.0],[-9205.0,3068.0],[-9198.0,3065.0],[-9192.0,3063.0],[-9184.0,3061.0],[-9177.0,3058.0],[-9170.0,3056.0],[-9163.0,3054.0],[-9155.0,3051.0],[-9148.0,3049.0],[-9140.0,3046.0],[-9133.0,3044.0],[-9125.0,3041.0],[-9117.0,3038.0],[-9109.0,3036.0],[-9101.0,3033.0],[-9093.0,3030.0],[-9085.0,3028.0],[-9077.0,3025.0],[-9068.0,3022.0],[-9060.0,3019.0],[-9051.0,3016.0],[-9043.0,3013.0],[-9034.0,3011.0],[-9025.0,3008.0],[-9016.0,3005.0],[-9007.0,3002.0],[-8998.0,2999.0],[-8988.0,2995.0],[-8979.0,2992.0],[-8970.0,2989.0],[-8960.0,2986.0],[-8950.0,2983.0],[-8940.0,2979.0],[-8930.0,2976.0],[-8920.0,2973.0],[-8910.0,2969.0],[-8900.0,2966.0],[-8890.0,2962.0],[-8879.0,2959.0],[-8868.0,2955.0],[-8858.0,2952.0],[-8847.0,2948.0],[-8836.0,2945.0],[-8824.0,2941.0],[-8813.0,2937.0],[-8802.0,2933.0],[-8790.0,2929.0],[-8779.0,2926.0],[-8767.0,2922.0],[-8755.0,2918.0],[-8743.0,2914.0],[-8730.0,2909.0],[-8718.0,2905.0],[-8705.0,2901.0],[-8693.0,2897.0],[-8680.0,2893.0],[-8667.0,2888.0],[-8654.0,2884.0],[-8641.0,2880.0],[-8627.0,2875.0],[-8613.0,2871.0],[-8600.0,2866.0],[-8586.0,2861.0],[-8572.0,2857.0],[-8557.0,2852.0],[-8543.0,2847.0],[-8528.0,2842.0],[-8514.0,2837.0],[-8499.0,2832.0],[-8483.0,2827.0],[-8468.0,2822.0],[-8453.0,2817.0],[-8437.0,2812.0],[-8421.0,2806.0],[-8405.0,2801.0],[-8389.0,2796.0],[-8372.0,2790.0],[-8356.0,2785.0],[-8339.0,2779.0],[-8322.0,2773.0],[-8304.0,2767.0],[-8287.0,2762.0],[-8269.0,2756.0],[-8251.0,2750.0],[-8233.0,2744.0],[-8215.0,2738.0],[-8196.0,2731.0],[-8177.0,2725.0],[-8158.0,2719.0],[-8139.0,2712.0],[-8120.0,2706.0],[-8100.0,2699.0],[-8080.0,2693.0],[-8060.0,2686.0],[-8039.0,2679.0],[-8018.0,2672.0],[-7997.0,2665.0],[-7976.0,2658.0],[-7955.0,2651.0],[-7933.0,2644.0],[-7911.0,2636.0],[-7888.0,2629.0],[-7866.0,2621.0],[-7843.0,2614.0],[-7820.0,2606.0],[-7796.0,2598.0],[-7773.0,2590.0],[-7749.0,2582.0],[-7724.0,2574.0],[-7700.0,2566.0],[-7675.0,2558.0],[-7650.0,2549.0],[-7624.0,2541.0],[-7598.0,2532.0],[-7572.0,2523.0],[-7546.0,2515.0],[-7519.0,2506.0],[-7492.0,2497.0],[-7464.0,2487.0],[-7436.0,2478.0],[-7408.0,2469.0],[-7380.0,2459.0],[-7351.0,2450.0],[-7321.0,2440.0],[-7292.0,2430.0],[-7262.0,2420.0],[-7231.0,2410.0],[-7201.0,2400.0],[-7170.0,2389.0],[-7138.0,2379.0],[-7106.0,2368.0],[-7074.0,2357.0],[-7041.0,2347.0],[-7008.0,2336.0],[-6975.0,2324.0],[-6941.0,2313.0],[-6907.0,2302.0],[-6872.0,2290.0],[-6837.0,2278.0],[-6801.0,2267.0],[-6765.0,2255.0],[-6729.0,2242.0],[-6692.0,2230.0],[-6655.0,2218.0],[-6617.0,2205.0],[-6579.0,2192.0],[-6540.0,2180.0],[-6501.0,2166.0],[-6461.0,2153.0],[-6421.0,2140.0],[-6381.0,2126.0],[-6340.0,2113.0],[-6298.0,2099.0],[-6256.0,2085.0],[-6214.0,2071.0],[-6171.0,2056.0],[-6127.0,2042.0],[-6083.0,2027.0],[-6039.0,2012.0],[-5993.0,1997.0],[-5948.0,1982.0],[-5902.0,1967.0],[-5855.0,1951.0],[-5808.0,1936.0],[-5760.0,1920.0],[-5712.0,1904.0],[-5663.0,1887.0],[-5614.0,1871.0],[-5564.0,1854.0],[-5514.0,1838.0],[-5463.0,1821.0],[-5411.0,1803.0],[-5359.0,1786.0],[-5307.0,1768.0],[-5253.0,1751.0],[-5200.0,1733.0],[-5145.0,1715.0],[-5090.0,1696.0],[-5035.0,1678.0],[-4979.0,1659.0],[-4922.0,1640.0],[-4865.0,1621.0],[-4807.0,1602.0],[-4749.0,1583.0],[-4690.0,1563.0],[-4631.0,1543.0],[-4570.0,1523.0],[-4510.0,1503.0],[-4449.0,1483.0],[-4387.0,1462.0],[-4324.0,1441.0],[-4261.0,1420.0],[-4198.0,1399.0],[-4134.0,1378.0],[-4069.0,1356.0],[-4004.0,1334.0],[-3938.0,1312.0],[-3872.0,1290.0],[-3805.0,1268.0],[-3737.0,1246.0],[-3669.0,1223.0],[-3601.0,1200.0],[-3532.0,1177.0],[-3462.0,1154.0],[-3392.0,1130.0],[-3321.0,1107.0],[-3250.0,1083.0],[-3178.0,1059.0],[-3106.0,1035.0],[-3033.0,1011.0],[-2960.0,986.0],[-2886.0,962.0],[-2812.0,937.0],[-2738.0,912.0],[-2662.0,887.0],[-2587.0,862.0],[-2511.0,837.0],[-2434.0,811.0],[-2358.0,786.0],[-2280.0,760.0],[-2203.0,734.0],[-2125.0,708.0],[-2046.0,682.0],[-1967.0,656.0],[-1888.0,629.0],[-1809.0,603.0],[-1729.0,576.0],[-1649.0,549.0],[-1568.0,523.0],[-1488.0,496.0],[-1407.0,469.0],[-1325.0,442.0],[-1244.0,415.0],[-1162.0,387.0],[-1080.0,360.0],[-998.0,333.0],[-916.0,305.0],[-833.0,278.0],[-750.0,250.0],[-667.0,222.0],[-584.0,195.0],[-501.0,167.0],[-418.0,139.0],[-335.0,112.0],[-252.0,84.0],[-168.0,56.0],[-85.0,28.0],[-1.0,0.0],[82.0,-27.0],[166.0,-55.0],[249.0,-83.0],[332.0,-111.0],[416.0,-138.0],[499.0,-166.0],[582.0,-194.0],[665.0,-222.0],[748.0,-249.0],[830.0,-277.0],[913.0,-304.0],[995.0,-332.0],[1078.0,-359.0],[1160.0,-386.0],[1241.0,-414.0],[1323.0,-441.0],[1404.0,-468.0],[1485.0,-495.0],[1566.0,-522.0],[1647.0,-549.0],[1727.0,-575.0],[1807.0,-602.0],[1886.0,-629.0],[1965.0,-655.0],[2044.0,-681.0],[2123.0,-707.0],[2201.0,-733.0],[2278.0,-759.0],[2356.0,-785.0],[2433.0,-811.0],[2509.0,-836.0],[2585.0,-861.0],[2661.0,-887.0],[2736.0,-912.0],[2811.0,-937.0],[2885.0,-961.0],[2959.0,-986.0],[3032.0,-1010.0],[3105.0,-1035.0],[3177.0,-1059.0],[3249.0,-1083.0],[3320.0,-1106.0],[3391.0,-1130.0],[3461.0,-1153.0],[3531.0,-1177.0],[3600.0,-1200.0],[3668.0,-1222.0],[3736.0,-1245.0],[3804.0,-1268.0],[3871.0,-1290.0],[3937.0,-1312.0],[4003.0,-1334.0],[4068.0,-1356.0],[4133.0,-1377.0],[4197.0,-1399.0],[4261.0,-1420.0],[4324.0,-1441.0],[4386.0,-1462.0],[4448.0,-1482.0],[4510.0,-1503.0],[4570.0,-1523.0],[4630.0,-1543.0],[4690.0,-1563.0],[4749.0,-1583.0],[4807.0,-1602.0],[4865.0,-1621.0],[4923.0,-1640.0],[4979.0,-1659.0],[5035.0,-1678.0],[5091.0,-1697.0],[5146.0,-1715.0],[5200.0,-1733.0],[5254.0,-1751.0],[5307.0,-1769.0],[5360.0,-1786.0],[5412.0,-1804.0],[5464.0,-1821.0],[5515.0,-1838.0],[5565.0,-1855.0],[5615.0,-1871.0],[5665.0,-1888.0],[5713.0,-1904.0],[5762.0,-1920.0],[5809.0,-1936.0],[5857.0,-1952.0],[5903.0,-1967.0],[5949.0,-1983.0],[5995.0,-1998.0],[6040.0,-2013.0],[6085.0,-2028.0],[6129.0,-2043.0],[6173.0,-2057.0],[6216.0,-2071.0],[6258.0,-2086.0],[6300.0,-2100.0],[6342.0,-2113.0],[6383.0,-2127.0],[6424.0,-2141.0],[6464.0,-2154.0],[6503.0,-2167.0],[6543.0,-2180.0],[6581.0,-2193.0],[6620.0,-2206.0],[6658.0,-2219.0],[6695.0,-2231.0],[6732.0,-2243.0],[6768.0,-2256.0],[6804.0,-2268.0],[6840.0,-2279.0],[6875.0,-2291.0],[6910.0,-2303.0],[6944.0,-2314.0],[6978.0,-2326.0],[7012.0,-2337.0],[7045.0,-2348.0],[7078.0,-2359.0],[7110.0,-2369.0],[7142.0,-2380.0],[7173.0,-2391.0],[7205.0,-2401.0],[7235.0,-2411.0],[7266.0,-2421.0],[7296.0,-2431.0],[7325.0,-2441.0],[7355.0,-2451.0],[7384.0,-2461.0],[7412.0,-2470.0],[7441.0,-2480.0],[7468.0,-2489.0],[7496.0,-2498.0],[7523.0,-2507.0],[7550.0,-2516.0],[7577.0,-2525.0],[7603.0,-2534.0],[7629.0,-2542.0],[7654.0,-2551.0],[7680.0,-2559.0],[7705.0,-2568.0],[7729.0,-2576.0],[7754.0,-2584.0],[7778.0,-2592.0],[7802.0,-2600.0],[7825.0,-2608.0],[7848.0,-2616.0],[7871.0,-2623.0],[7894.0,-2631.0],[7916.0,-2638.0],[7938.0,-2646.0],[7960.0,-2653.0],[7982.0,-2660.0],[8003.0,-2667.0],[8024.0,-2674.0],[8045.0,-2681.0],[8065.0,-2688.0],[8086.0,-2695.0],[8106.0,-2701.0],[8126.0,-2708.0],[8145.0,-2714.0],[8165.0,-2721.0],[8184.0,-2727.0],[8202.0,-2734.0],[8221.0,-2740.0],[8240.0,-2746.0],[8258.0,-2752.0],[8276.0,-2758.0],[8293.0,-2764.0],[8311.0,-2770.0],[8328.0,-2775.0],[8345.0,-2781.0],[8362.0,-2787.0],[8379.0,-2792.0],[8396.0,-2798.0],[8412.0,-2803.0],[8428.0,-2809.0],[8444.0,-2814.0],[8460.0,-2819.0],[8475.0,-2824.0],[8491.0,-2830.0],[8506.0,-2835.0],[8521.0,-2840.0],[8536.0,-2845.0],[8551.0,-2850.0],[8565.0,-2854.0],[8579.0,-2859.0],[8594.0,-2864.0],[8608.0,-2869.0],[8621.0,-2873.0],[8635.0,-2878.0],[8649.0,-2882.0],[8662.0,-2887.0],[8675.0,-2891.0],[8688.0,-2895.0],[8701.0,-2900.0],[8714.0,-2904.0],[8726.0,-2908.0],[8739.0,-2912.0],[8751.0,-2916.0],[8763.0,-2920.0],[8775.0,-2924.0],[8787.0,-2928.0],[8799.0,-2932.0],[8810.0,-2936.0],[8822.0,-2940.0],[8833.0,-2944.0],[8844.0,-2947.0],[8856.0,-2951.0],[8866.0,-2955.0],[8877.0,-2958.0],[8888.0,-2962.0],[8899.0,-2966.0],[8909.0,-2969.0],[8919.0,-2972.0],[8930.0,-2976.0],[8940.0,-2979.0],[8950.0,-2983.0],[8960.0,-2986.0],[8969.0,-2989.0],[8979.0,-2992.0],[8989.0,-2996.0],[8998.0,-2999.0],[9007.0,-3002.0],[9017.0,-3005.0],[9026.0,-3008.0],[9035.0,-3011.0],[9044.0,-3014.0],[9052.0,-3017.0],[9061.0,-3020.0],[9070.0,-3023.0],[9078.0,-3025.0],[9087.0,-3028.0],[9095.0,-3031.0],[9103.0,-3034.0],[9111.0,-3036.0],[9120.0,-3039.0],[9127.0,-3042.0],[9135.0,-3044.0],[9143.0,-3047.0],[9151.0,-3050.0],[9158.0,-3052.0],[9166.0,-3055.0],[9173.0,-3057.0],[9181.0,-3060.0],[9188.0,-3062.0],[9195.0,-3064.0],[9202.0,-3067.0],[9209.0,-3069.0],[9216.0,-3071.0],[9223.0,-3074.0],[9230.0,-3076.0],[9237.0,-3078.0],[9244.0,-3080.0],[9250.0,-3083.0],[9257.0,-3085.0],[9263.0,-3087.0],[9269.0,-3089.0],[9276.0,-3091.0],[9282.0,-3093.0],[9288.0,-3095.0],[9294.0,-3097.0],[9300.0,-3099.0],[9306.0,-3101.0],[9312.0,-3103.0],[9318.0,-3105.0],[9324.0,-3107.0],[9329.0,-3109.0],[9335.0,-3111.0],[9341.0,-3113.0],[9346.0,-3115.0],[9352.0,-3116.0],[9357.0,-3118.0],[9362.0,-3120.0],[9368.0,-3122.0],[9373.0,-3124.0],[9378.0,-3125.0],[9383.0,-3127.0],[9388.0,-3129.0],[9393.0,-3130.0],[9398.0,-3132.0],[9403.0,-3134.0],[9408.0,-3135.0],[9412.0,-3137.0],[9417.0,-3138.0],[9422.0,-3140.0],[9426.0,-3141.0],[9431.0,-3143.0],[9436.0,-3144.0],[9440.0,-3146.0],[9444.0,-3147.0],[9449.0,-3149.0],[9453.0,-3150.0],[9457.0,-3152.0],[9462.0,-3153.0],[9466.0,-3155.0],[9470.0,-3156.0],[9474.0,-3157.0],[9478.0,-3159.0],[9482.0,-3160.0],[9486.0,-3161.0],[9490.0,-3163.0],[9494.0,-3164.0],[9497.0,-3165.0],[9501.0,-3166.0],[9505.0,-3168.0],[9509.0,-3169.0],[9512.0,-3170.0]]}

/doppler 接口测试通过！
=== /doppler 测试结束 ===


G:\k5sat>